{
 "cells": [
  {
   "cell_type": "code",
   "execution_count": 2,
   "metadata": {},
   "outputs": [
    {
     "data": {
      "text/html": [
       "<div>\n",
       "<style scoped>\n",
       "    .dataframe tbody tr th:only-of-type {\n",
       "        vertical-align: middle;\n",
       "    }\n",
       "\n",
       "    .dataframe tbody tr th {\n",
       "        vertical-align: top;\n",
       "    }\n",
       "\n",
       "    .dataframe thead th {\n",
       "        text-align: right;\n",
       "    }\n",
       "</style>\n",
       "<table border=\"1\" class=\"dataframe\">\n",
       "  <thead>\n",
       "    <tr style=\"text-align: right;\">\n",
       "      <th></th>\n",
       "      <th>total</th>\n",
       "      <th>speeding</th>\n",
       "      <th>alcohol</th>\n",
       "      <th>not_distracted</th>\n",
       "      <th>no_previous</th>\n",
       "      <th>ins_premium</th>\n",
       "      <th>ins_losses</th>\n",
       "      <th>abbrev</th>\n",
       "    </tr>\n",
       "  </thead>\n",
       "  <tbody>\n",
       "    <tr>\n",
       "      <th>0</th>\n",
       "      <td>18.8</td>\n",
       "      <td>7.332</td>\n",
       "      <td>5.640</td>\n",
       "      <td>18.048</td>\n",
       "      <td>15.040</td>\n",
       "      <td>784.55</td>\n",
       "      <td>145.08</td>\n",
       "      <td>AL</td>\n",
       "    </tr>\n",
       "    <tr>\n",
       "      <th>1</th>\n",
       "      <td>18.1</td>\n",
       "      <td>7.421</td>\n",
       "      <td>4.525</td>\n",
       "      <td>16.290</td>\n",
       "      <td>17.014</td>\n",
       "      <td>1053.48</td>\n",
       "      <td>133.93</td>\n",
       "      <td>AK</td>\n",
       "    </tr>\n",
       "    <tr>\n",
       "      <th>2</th>\n",
       "      <td>18.6</td>\n",
       "      <td>6.510</td>\n",
       "      <td>5.208</td>\n",
       "      <td>15.624</td>\n",
       "      <td>17.856</td>\n",
       "      <td>899.47</td>\n",
       "      <td>110.35</td>\n",
       "      <td>AZ</td>\n",
       "    </tr>\n",
       "    <tr>\n",
       "      <th>3</th>\n",
       "      <td>22.4</td>\n",
       "      <td>4.032</td>\n",
       "      <td>5.824</td>\n",
       "      <td>21.056</td>\n",
       "      <td>21.280</td>\n",
       "      <td>827.34</td>\n",
       "      <td>142.39</td>\n",
       "      <td>AR</td>\n",
       "    </tr>\n",
       "    <tr>\n",
       "      <th>4</th>\n",
       "      <td>12.0</td>\n",
       "      <td>4.200</td>\n",
       "      <td>3.360</td>\n",
       "      <td>10.920</td>\n",
       "      <td>10.680</td>\n",
       "      <td>878.41</td>\n",
       "      <td>165.63</td>\n",
       "      <td>CA</td>\n",
       "    </tr>\n",
       "  </tbody>\n",
       "</table>\n",
       "</div>"
      ],
      "text/plain": [
       "   total  speeding  alcohol  not_distracted  no_previous  ins_premium  \\\n",
       "0   18.8     7.332    5.640          18.048       15.040       784.55   \n",
       "1   18.1     7.421    4.525          16.290       17.014      1053.48   \n",
       "2   18.6     6.510    5.208          15.624       17.856       899.47   \n",
       "3   22.4     4.032    5.824          21.056       21.280       827.34   \n",
       "4   12.0     4.200    3.360          10.920       10.680       878.41   \n",
       "\n",
       "   ins_losses abbrev  \n",
       "0      145.08     AL  \n",
       "1      133.93     AK  \n",
       "2      110.35     AZ  \n",
       "3      142.39     AR  \n",
       "4      165.63     CA  "
      ]
     },
     "execution_count": 2,
     "metadata": {},
     "output_type": "execute_result"
    }
   ],
   "source": [
    "import seaborn as sns\n",
    "data = sns.load_dataset('car_crashes')\n",
    "data.head()"
   ]
  },
  {
   "cell_type": "code",
   "execution_count": 9,
   "metadata": {},
   "outputs": [
    {
     "data": {
      "text/html": [
       "<div>\n",
       "<style scoped>\n",
       "    .dataframe tbody tr th:only-of-type {\n",
       "        vertical-align: middle;\n",
       "    }\n",
       "\n",
       "    .dataframe tbody tr th {\n",
       "        vertical-align: top;\n",
       "    }\n",
       "\n",
       "    .dataframe thead th {\n",
       "        text-align: right;\n",
       "    }\n",
       "</style>\n",
       "<table border=\"1\" class=\"dataframe\">\n",
       "  <thead>\n",
       "    <tr style=\"text-align: right;\">\n",
       "      <th></th>\n",
       "      <th>total</th>\n",
       "      <th>speeding</th>\n",
       "      <th>alcohol</th>\n",
       "      <th>not_distracted</th>\n",
       "      <th>no_previous</th>\n",
       "      <th>ins_premium</th>\n",
       "      <th>ins_losses</th>\n",
       "    </tr>\n",
       "  </thead>\n",
       "  <tbody>\n",
       "    <tr>\n",
       "      <th>total</th>\n",
       "      <td>16.990902</td>\n",
       "      <td>5.086338</td>\n",
       "      <td>6.076992</td>\n",
       "      <td>15.381048</td>\n",
       "      <td>14.837975</td>\n",
       "      <td>-146.768484</td>\n",
       "      <td>-3.686589</td>\n",
       "    </tr>\n",
       "    <tr>\n",
       "      <th>speeding</th>\n",
       "      <td>5.086338</td>\n",
       "      <td>4.071303</td>\n",
       "      <td>2.336617</td>\n",
       "      <td>5.349704</td>\n",
       "      <td>4.344815</td>\n",
       "      <td>-27.943987</td>\n",
       "      <td>-3.303815</td>\n",
       "    </tr>\n",
       "    <tr>\n",
       "      <th>alcohol</th>\n",
       "      <td>6.076992</td>\n",
       "      <td>2.336617</td>\n",
       "      <td>2.989901</td>\n",
       "      <td>5.713491</td>\n",
       "      <td>5.100416</td>\n",
       "      <td>-52.599326</td>\n",
       "      <td>-4.833276</td>\n",
       "    </tr>\n",
       "    <tr>\n",
       "      <th>not_distracted</th>\n",
       "      <td>15.381048</td>\n",
       "      <td>5.349704</td>\n",
       "      <td>5.713491</td>\n",
       "      <td>20.330874</td>\n",
       "      <td>12.685394</td>\n",
       "      <td>-140.572871</td>\n",
       "      <td>-8.507441</td>\n",
       "    </tr>\n",
       "    <tr>\n",
       "      <th>no_previous</th>\n",
       "      <td>14.837975</td>\n",
       "      <td>4.344815</td>\n",
       "      <td>5.100416</td>\n",
       "      <td>12.685394</td>\n",
       "      <td>14.172755</td>\n",
       "      <td>-105.312296</td>\n",
       "      <td>-0.594528</td>\n",
       "    </tr>\n",
       "    <tr>\n",
       "      <th>ins_premium</th>\n",
       "      <td>-146.768484</td>\n",
       "      <td>-27.943987</td>\n",
       "      <td>-52.599326</td>\n",
       "      <td>-140.572871</td>\n",
       "      <td>-105.312296</td>\n",
       "      <td>31789.565170</td>\n",
       "      <td>2759.254746</td>\n",
       "    </tr>\n",
       "    <tr>\n",
       "      <th>ins_losses</th>\n",
       "      <td>-3.686589</td>\n",
       "      <td>-3.303815</td>\n",
       "      <td>-4.833276</td>\n",
       "      <td>-8.507441</td>\n",
       "      <td>-0.594528</td>\n",
       "      <td>2759.254746</td>\n",
       "      <td>616.823046</td>\n",
       "    </tr>\n",
       "  </tbody>\n",
       "</table>\n",
       "</div>"
      ],
      "text/plain": [
       "                     total   speeding    alcohol  not_distracted  no_previous  \\\n",
       "total            16.990902   5.086338   6.076992       15.381048    14.837975   \n",
       "speeding          5.086338   4.071303   2.336617        5.349704     4.344815   \n",
       "alcohol           6.076992   2.336617   2.989901        5.713491     5.100416   \n",
       "not_distracted   15.381048   5.349704   5.713491       20.330874    12.685394   \n",
       "no_previous      14.837975   4.344815   5.100416       12.685394    14.172755   \n",
       "ins_premium    -146.768484 -27.943987 -52.599326     -140.572871  -105.312296   \n",
       "ins_losses       -3.686589  -3.303815  -4.833276       -8.507441    -0.594528   \n",
       "\n",
       "                 ins_premium   ins_losses  \n",
       "total            -146.768484    -3.686589  \n",
       "speeding          -27.943987    -3.303815  \n",
       "alcohol           -52.599326    -4.833276  \n",
       "not_distracted   -140.572871    -8.507441  \n",
       "no_previous      -105.312296    -0.594528  \n",
       "ins_premium     31789.565170  2759.254746  \n",
       "ins_losses       2759.254746   616.823046  "
      ]
     },
     "execution_count": 9,
     "metadata": {},
     "output_type": "execute_result"
    }
   ],
   "source": [
    "data.iloc[:,0:7].cov()\n"
   ]
  },
  {
   "cell_type": "code",
   "execution_count": 10,
   "metadata": {},
   "outputs": [
    {
     "data": {
      "text/html": [
       "<div>\n",
       "<style scoped>\n",
       "    .dataframe tbody tr th:only-of-type {\n",
       "        vertical-align: middle;\n",
       "    }\n",
       "\n",
       "    .dataframe tbody tr th {\n",
       "        vertical-align: top;\n",
       "    }\n",
       "\n",
       "    .dataframe thead th {\n",
       "        text-align: right;\n",
       "    }\n",
       "</style>\n",
       "<table border=\"1\" class=\"dataframe\">\n",
       "  <thead>\n",
       "    <tr style=\"text-align: right;\">\n",
       "      <th></th>\n",
       "      <th>total</th>\n",
       "      <th>speeding</th>\n",
       "      <th>alcohol</th>\n",
       "      <th>not_distracted</th>\n",
       "      <th>no_previous</th>\n",
       "      <th>ins_premium</th>\n",
       "      <th>ins_losses</th>\n",
       "    </tr>\n",
       "  </thead>\n",
       "  <tbody>\n",
       "    <tr>\n",
       "      <th>total</th>\n",
       "      <td>1.000000</td>\n",
       "      <td>0.611548</td>\n",
       "      <td>0.852613</td>\n",
       "      <td>0.827560</td>\n",
       "      <td>0.956179</td>\n",
       "      <td>-0.199702</td>\n",
       "      <td>-0.036011</td>\n",
       "    </tr>\n",
       "    <tr>\n",
       "      <th>speeding</th>\n",
       "      <td>0.611548</td>\n",
       "      <td>1.000000</td>\n",
       "      <td>0.669719</td>\n",
       "      <td>0.588010</td>\n",
       "      <td>0.571976</td>\n",
       "      <td>-0.077675</td>\n",
       "      <td>-0.065928</td>\n",
       "    </tr>\n",
       "    <tr>\n",
       "      <th>alcohol</th>\n",
       "      <td>0.852613</td>\n",
       "      <td>0.669719</td>\n",
       "      <td>1.000000</td>\n",
       "      <td>0.732816</td>\n",
       "      <td>0.783520</td>\n",
       "      <td>-0.170612</td>\n",
       "      <td>-0.112547</td>\n",
       "    </tr>\n",
       "    <tr>\n",
       "      <th>not_distracted</th>\n",
       "      <td>0.827560</td>\n",
       "      <td>0.588010</td>\n",
       "      <td>0.732816</td>\n",
       "      <td>1.000000</td>\n",
       "      <td>0.747307</td>\n",
       "      <td>-0.174856</td>\n",
       "      <td>-0.075970</td>\n",
       "    </tr>\n",
       "    <tr>\n",
       "      <th>no_previous</th>\n",
       "      <td>0.956179</td>\n",
       "      <td>0.571976</td>\n",
       "      <td>0.783520</td>\n",
       "      <td>0.747307</td>\n",
       "      <td>1.000000</td>\n",
       "      <td>-0.156895</td>\n",
       "      <td>-0.006359</td>\n",
       "    </tr>\n",
       "    <tr>\n",
       "      <th>ins_premium</th>\n",
       "      <td>-0.199702</td>\n",
       "      <td>-0.077675</td>\n",
       "      <td>-0.170612</td>\n",
       "      <td>-0.174856</td>\n",
       "      <td>-0.156895</td>\n",
       "      <td>1.000000</td>\n",
       "      <td>0.623116</td>\n",
       "    </tr>\n",
       "    <tr>\n",
       "      <th>ins_losses</th>\n",
       "      <td>-0.036011</td>\n",
       "      <td>-0.065928</td>\n",
       "      <td>-0.112547</td>\n",
       "      <td>-0.075970</td>\n",
       "      <td>-0.006359</td>\n",
       "      <td>0.623116</td>\n",
       "      <td>1.000000</td>\n",
       "    </tr>\n",
       "  </tbody>\n",
       "</table>\n",
       "</div>"
      ],
      "text/plain": [
       "                   total  speeding   alcohol  not_distracted  no_previous  \\\n",
       "total           1.000000  0.611548  0.852613        0.827560     0.956179   \n",
       "speeding        0.611548  1.000000  0.669719        0.588010     0.571976   \n",
       "alcohol         0.852613  0.669719  1.000000        0.732816     0.783520   \n",
       "not_distracted  0.827560  0.588010  0.732816        1.000000     0.747307   \n",
       "no_previous     0.956179  0.571976  0.783520        0.747307     1.000000   \n",
       "ins_premium    -0.199702 -0.077675 -0.170612       -0.174856    -0.156895   \n",
       "ins_losses     -0.036011 -0.065928 -0.112547       -0.075970    -0.006359   \n",
       "\n",
       "                ins_premium  ins_losses  \n",
       "total             -0.199702   -0.036011  \n",
       "speeding          -0.077675   -0.065928  \n",
       "alcohol           -0.170612   -0.112547  \n",
       "not_distracted    -0.174856   -0.075970  \n",
       "no_previous       -0.156895   -0.006359  \n",
       "ins_premium        1.000000    0.623116  \n",
       "ins_losses         0.623116    1.000000  "
      ]
     },
     "execution_count": 10,
     "metadata": {},
     "output_type": "execute_result"
    }
   ],
   "source": [
    "data.iloc[:,0:7].corr()"
   ]
  },
  {
   "cell_type": "code",
   "execution_count": 12,
   "metadata": {},
   "outputs": [
    {
     "data": {
      "text/html": [
       "<div>\n",
       "<style scoped>\n",
       "    .dataframe tbody tr th:only-of-type {\n",
       "        vertical-align: middle;\n",
       "    }\n",
       "\n",
       "    .dataframe tbody tr th {\n",
       "        vertical-align: top;\n",
       "    }\n",
       "\n",
       "    .dataframe thead th {\n",
       "        text-align: right;\n",
       "    }\n",
       "</style>\n",
       "<table border=\"1\" class=\"dataframe\">\n",
       "  <thead>\n",
       "    <tr style=\"text-align: right;\">\n",
       "      <th></th>\n",
       "      <th>total</th>\n",
       "      <th>speeding</th>\n",
       "      <th>alcohol</th>\n",
       "      <th>not_distracted</th>\n",
       "      <th>no_previous</th>\n",
       "      <th>ins_premium</th>\n",
       "      <th>ins_losses</th>\n",
       "    </tr>\n",
       "  </thead>\n",
       "  <tbody>\n",
       "    <tr>\n",
       "      <th>total</th>\n",
       "      <td>1.000000</td>\n",
       "      <td>0.559365</td>\n",
       "      <td>0.894576</td>\n",
       "      <td>0.877605</td>\n",
       "      <td>0.958206</td>\n",
       "      <td>-0.118070</td>\n",
       "      <td>-0.000045</td>\n",
       "    </tr>\n",
       "    <tr>\n",
       "      <th>speeding</th>\n",
       "      <td>0.559365</td>\n",
       "      <td>1.000000</td>\n",
       "      <td>0.642654</td>\n",
       "      <td>0.562876</td>\n",
       "      <td>0.541699</td>\n",
       "      <td>-0.052128</td>\n",
       "      <td>-0.065341</td>\n",
       "    </tr>\n",
       "    <tr>\n",
       "      <th>alcohol</th>\n",
       "      <td>0.894576</td>\n",
       "      <td>0.642654</td>\n",
       "      <td>1.000000</td>\n",
       "      <td>0.796959</td>\n",
       "      <td>0.856012</td>\n",
       "      <td>-0.122899</td>\n",
       "      <td>0.020679</td>\n",
       "    </tr>\n",
       "    <tr>\n",
       "      <th>not_distracted</th>\n",
       "      <td>0.877605</td>\n",
       "      <td>0.562876</td>\n",
       "      <td>0.796959</td>\n",
       "      <td>1.000000</td>\n",
       "      <td>0.798136</td>\n",
       "      <td>-0.112853</td>\n",
       "      <td>0.015340</td>\n",
       "    </tr>\n",
       "    <tr>\n",
       "      <th>no_previous</th>\n",
       "      <td>0.958206</td>\n",
       "      <td>0.541699</td>\n",
       "      <td>0.856012</td>\n",
       "      <td>0.798136</td>\n",
       "      <td>1.000000</td>\n",
       "      <td>-0.036969</td>\n",
       "      <td>0.003937</td>\n",
       "    </tr>\n",
       "    <tr>\n",
       "      <th>ins_premium</th>\n",
       "      <td>-0.118070</td>\n",
       "      <td>-0.052128</td>\n",
       "      <td>-0.122899</td>\n",
       "      <td>-0.112853</td>\n",
       "      <td>-0.036969</td>\n",
       "      <td>1.000000</td>\n",
       "      <td>0.646697</td>\n",
       "    </tr>\n",
       "    <tr>\n",
       "      <th>ins_losses</th>\n",
       "      <td>-0.000045</td>\n",
       "      <td>-0.065341</td>\n",
       "      <td>0.020679</td>\n",
       "      <td>0.015340</td>\n",
       "      <td>0.003937</td>\n",
       "      <td>0.646697</td>\n",
       "      <td>1.000000</td>\n",
       "    </tr>\n",
       "  </tbody>\n",
       "</table>\n",
       "</div>"
      ],
      "text/plain": [
       "                   total  speeding   alcohol  not_distracted  no_previous  \\\n",
       "total           1.000000  0.559365  0.894576        0.877605     0.958206   \n",
       "speeding        0.559365  1.000000  0.642654        0.562876     0.541699   \n",
       "alcohol         0.894576  0.642654  1.000000        0.796959     0.856012   \n",
       "not_distracted  0.877605  0.562876  0.796959        1.000000     0.798136   \n",
       "no_previous     0.958206  0.541699  0.856012        0.798136     1.000000   \n",
       "ins_premium    -0.118070 -0.052128 -0.122899       -0.112853    -0.036969   \n",
       "ins_losses     -0.000045 -0.065341  0.020679        0.015340     0.003937   \n",
       "\n",
       "                ins_premium  ins_losses  \n",
       "total             -0.118070   -0.000045  \n",
       "speeding          -0.052128   -0.065341  \n",
       "alcohol           -0.122899    0.020679  \n",
       "not_distracted    -0.112853    0.015340  \n",
       "no_previous       -0.036969    0.003937  \n",
       "ins_premium        1.000000    0.646697  \n",
       "ins_losses         0.646697    1.000000  "
      ]
     },
     "execution_count": 12,
     "metadata": {},
     "output_type": "execute_result"
    }
   ],
   "source": [
    "data.iloc[:,:7].corr(method='spearman')"
   ]
  },
  {
   "cell_type": "code",
   "execution_count": null,
   "metadata": {},
   "outputs": [],
   "source": []
  }
 ],
 "metadata": {
  "kernelspec": {
   "display_name": "Python 3",
   "language": "python",
   "name": "python3"
  },
  "language_info": {
   "codemirror_mode": {
    "name": "ipython",
    "version": 3
   },
   "file_extension": ".py",
   "mimetype": "text/x-python",
   "name": "python",
   "nbconvert_exporter": "python",
   "pygments_lexer": "ipython3",
   "version": "3.11.4"
  },
  "orig_nbformat": 4
 },
 "nbformat": 4,
 "nbformat_minor": 2
}
